                          T a b e ll a        1«

      ? grado segnato dai principali alcooioinetri, alle rispettive
      ire normali <,15M 5°,5 C .)-
                      R ic h te r
       T r a lle s                  ( ‘ a j 't i e r   Baum é    D e n s it à .
                     % in p e s o



 0          0 ,0           0 ,9         1 0 ,0          1 0 ,0    1,0000
            4 ,9           3 ,9         1 0 ,9          1 1 ,0    0 ,9 9 2 9
 5
                           7 ,0         1 1 ,8          1 1 ,9    0 ,9 8 6 7
IO          9 ,9
          1 4 ,9         1 0 ,2         1 2 ,5          1 2 ,7    0 ,9 8 1 2
15
20        1 9 ,7         1 3 ,3         1 3 ,2          13,5      0 ,9 7 6 3
          2 4 ,8         1 6 ,5         1 4 ,0          1 4 ,3    0 ,9 7 1 1
25
:to       2 9 ,8         2 0 ,0         1 4 ,7          15,1      0 ,9 6 5 7
                         2 0 ,8         1 4 ,9          1 5 ,3    0 ,9 6 4 5
ni        3 0 ,8
                         2 1 ,7         1 5 ,0          1 5 ,4    0 ,9 6 3 3
32        3 1 ,8
          3 2 ,7         2 2 ,5         1 5 ,2          1 5 ,6    0 ,9 6 2 1
33
                                        1 5 ,4          1 5 ,8    0 ,9 6 0 8
34        3 3 ,7         2 3 ,4
          3 4 ,9         2 4 ,3         1 5 ,6          1 6 ,0    0 ,9 5 9 4
35
                                        1 5 ,8          1 6 ,3    0 ,9 5 8 1
36        3 5 ,9         2 5 ,1
                                        1 6 ,0          1 6 ,5    0 ,9 5 6 7
37        3 6 ,9         2 6 ,0
                         2 6 ,9         1 6 ,2          1 6 ,7    0 ,9 5 5 3
38        3 7 ,8
          3 8 ,8         2 7 ,8         1 6 ,4          1 6 ,9    0 ,9 5 3 8
39
          3 9 ,7         2 8 ,5         1 6 ,6          1 7 ,1    0 ,9 5 2 3
40
          4 0 ,7         2 9 ,2         1 6 ,9          1 7 ,4    0 ,9 5 0 7
41
                         2 9 ,9         1 7 ,1          1 7 ,7    0 ,9 4 9 1 ■
42        4 1 ,8
                         3 0 ,6         1 7 ,4          1 8 ,0    0 ,9 4 7 4
43        4 2 ,7
                         3 1 ,3          1 7 ,6         1 8 ,2    0 ,9 4 5 7
44        4 3 ,7
                         3 2 ,0         1 7 ,9          1 8 ,5    0 ,9 4 4 0
45        4 4 ,7
                         3 2 ,7         1 8 ,1          1 8 ,7    0 ,9 4 2 2
46        4 5 ,7
          4 6 ,7         3 3 ,6         1 8 ,4          1 9 ,1    0 ,9 4 0 4
47
                         3 4 ,6         1 8 ,7          1 9 ,4    0 ,9 3 8 6
48
                         3 5 ,5         1 9 ,0          1 9 ,9    0 ,9 3 6 7
49        4 8 ,7
                         3 6 ,4         1 9 ,2         .2 0 ,3    0 ,9 3 4 8
50        4 9 ,7
                                        1 9 ,5          2 0 ,6    0 ,9 3 2 9
51        5 0 ,7         3 7 ,3
                                                                  0 ,9 3 0 9
          5 1 ,7         3 8 ,3         1 9 ,8          2 0 ,9
52
                         3 9 ,2         20, J           2 1 ,3    0 ,9 2 8 9
53        5 2 ,7
                         4 0 ,1         2 0 ,5          2 1 ,7    0 ,9 2 6 9
54        5 3 ,7
                         4 1 ,0         2 0 ,8          2 1 ,0    0 ,9 2 4 8
55        5 4 ,7
                         4 1 ,9         2 1 ,1          2 2 ,0    0 ,9 2 2 7
50
                         4 2 ,9         2 1 ,4          2 2 ,3    0 ,9 2 0 6
57        5 6 ,7
58        5 7 ,7         4 3 ,8         2 1 ,8          22,7      0 ,9 1 8 5
                        A4,7            2 2 ,1          2 3 ,1    0 ,9 1 6 3
59        5 8 ,7
Uit       5 9 ,7         4 5 ,7         2 2 ,5          23 7 5    0 ,9 1 4 1
