in ­          GRADO APPARENTE SEGNATO DALL’ALCOOLONETRO
tim i
;1       80
ido             81      82      83       84       85      86       87 I 88 I 89
\di
'radi                      G ra d o    re a to d e llo s p ir it o
                a lla t e m p e r a t u r a   n o r m a le d i   1 5 ° ,5 C .




  0     84.4 85,4 86.3 87.2 88,2                 89.1 90,1 91,0 j 01,9 92,8
  1     84.1 85,1 86,0 87,'0 87,9                88.9 89,8 90,8 (81,7 92.6
  2     83,9 84,11 85,8 80.7 87,7                88.6 89,6 90,5 |91,4 92.3
  3     83,fi 84,ti 85,5 86.5 87,4               88,4(89,3 90,3 91,2 ,'92,1
  4     83.4 84,4 85.3 86.2 87,2                 88.1 j 89,1 90,0 90,9 ,91,8
  5     83.1 84,1 85,0 86.0 86,9                 87.9 88,8 89,8 J«0,7 :»i,6
  6     82.8 83,8 84,7 85.7 86,6                 87.6 [88,5 89,5 90,4 (91,4
   7    82.5 83,5 84.4 85.4 86,3                 87,3'88,3 89,2 90,2 191,1
  8     82.2.83.1 '84,1 85.1 86,1                87.1 ! 88,0 ! 89,0 89,9 j 90,11
   9    81.9 82,8 j 83,8 84.8 85,8               86,8 ! 87,8 88,7 89,7 190.6
 10     81,fi 82,5 83.5 84.5 85,5                86,5 ! 87,5 '88^4 8o|4 90.4

 11     81,3! 82,2 83,2 84,2 85,2 (86,2 , 87,2                   88,1 89,1 90,1
 12     81.0 ! 82,0 ! 83,0 83,9 84,9'85,8 (86,9 87,9                      88,9 ,89,9
 13     80,8 181,7 182,7'83,7 84,7'85,7 ,86,7 87.6                        88.6.89.6
 14     80,5(81,5 82,5 83,4 84,4 [85,4 ,86,4 87,4                         88.4'89,4
 15     80,2; 8^,2 182,2 83,1 84,1 85,1 186,1 87.1                        88,1,89 1
 16     79,9; 80,9 181,9 82,8 83,8'84,8 ' 85,8 86,8                       87,8 (88,8
 17     79.6 80,6 81,6,82,5 ,83,5(84,6 85,fi 86.6                         87.6       88
 18     79,3 180,3 181,3l 82,3 j 83,3 184,3 85,3 86,3                     87,3 88,3
 19     79.0 8 0 ,0 181,0 ! 82,0 83,0 184,1 85,1                  86.1    87,1 88,1
 20     78.7 79,7 80,7 81,7 82,7 183,8 84,8 85.8                          86,8 87,9

 21      78,4 79,4 80,4 81,4 82,4 83,5 84,5 85,5 86,5
                                                                                87,6
 22      78,1 179,1 80,1 81,1 82,1 [83,2 84,2 85,2 86,2
                                                                                87.3
23       77,8 78,8 179,8 180,9 i81,9 182,9 84.0 85,0'86,0                       87.1
24       77,5 78,5 79,5 !80,6,81,6 !82,6 83.7 84,7'85,7                         86,8
25       77,2 78,2 179,2 180,3,81,3 82,3 83.4 84,4 85,4                         86.5
26       76,9! 77,9 | 8,9'80,0 ;81,0 82,0 83.1 84,1,85,1
                                                                                86.2
27       76,5 77,6 | 8,6 j 79,7 [80,7 81,7 82.8 83,8 84,8
                                                                                85,9
28       76,2 77,2 (!78,2 j79,3 [80,3 81,4 82.4 83,5 84,5
                                                                                85.6
29       75,8 76,9 (77,9 70,0:80,0 81,1 82.1 83,2,84,2
                                                                                85.3
30      .75,5 76,6 177,6178,7 179,7 80,8 81,8,82,9(88,9                         85,0
