n-        CRADO APPARENTE SEGNATO DALL'ALCOOLOMETRO
lUra
■1
i<lo    40      41   42 | 43    44   45    46   47   48 |
idi
/nidi                  Grado reale dello spirito
                alla temperatura normale di 15°, 5 c.


 0             47,0 48,0 48,9 49,9 50,8 51,8 52,7 53,7 5
 1             46,6 47,6 ' 48,5 49,5 50,4 51,4 52,3 53,3 5
 2             46,2 47,2 48,1 49,1 50,1 51,1 52,0 53,0 5
 3             45,9 46,9 147,8 48,8 49,7 50,7 51,6 52,6 5
 4             45,5 46,5 47,4 48,4 49,4 50,4 51,3 52,3 5
 5             45,1 46,1 47,0 48,0 49,0 50,0 50,9 51,9 5
 6             44,7 45,7 46,6 47,6 48,6 49,6 50,5 51,5 5
 7             44,3 45,3 46,2 47,2 48,2 49,2 50,2 51,2 5
 8             43,9 :44,9 45,9 40,9 47,9 48,9 49,8 50,8 £
 9             43.5 '44,5 45,5 40,5 47,5 48,5 49,5 50,5 £
10             43,1 44,1 45,1 46,1 47,1 48,1 49,1 50,1


11      il ,8 42,7 43,7 44,7 45.7 46,7 47,7 48,7 49,7
12      U.4 42,3 43,3 44,3 45,3 46,3 47,3 48,3 49,3 jf£
13      U,0 42,0 43,0 44,0 45,0 46,0 47,0 48,0 49,0 ' l£
14      10,6 41,6 42,6 43,6 44,6 45,6 46,6 47,6 [48,6 U4
15      10,2 41,2 42,2 43,2 44,2 45,2 46,2 47,2 48,2 4
16      19,8 40,8 41,8 42,8 43,8 44,8 45,8 46,8 47,8 4
17      19,4 40,4 41,4 42,4 43,4 44,4 45,4 46,4 47,4 4 4
18      19,0 40,0 41,0 42,1 43,1 44,1 45,1 46,1 47,1 i
19      *8,6 39,6 40,6 41,7 42,7 43,7 44,7 45,7 46,7 i
20      *8,2 39,2 40,2 41,3 42,3 43,3 44,3 45,3 46,3 i


 21              38,8 39,8 40,9 41,9 42,9 43.9 44,9 45,9
 22              38,4 39,4 40,5 41,5 42,5 43,5 44,5 45,5
 23              38,0 39,1 40,1 41,1 42,1 43.1 44,2 45,2
 24            p 37,6 38,7 39,7 40,7 41,7 '42,7 43,8 44,8
 25              37,2 38,3 39,3 40,3 41,3 42,3 43,4 44,4
 26            i 30,8 37,9 38,9 39,9 40,9 ! 41,9 43,0 44,0
 27              36,4 37,5 38,5 39,5 40,5 41, r, 42,0 43,6
 28            ) 36,0 37,0 38,1 39,1 40,1 41,2 42,2 43,2
 29            5 35,0 36,6 37,7 38,7 39,7 40,8 41,8 42,8
 30            ì 35,2 36,2 37,3 38,3 39,3 [40,4 41,4 42,4
