1-      GRADO APPARENTE SEGNATO DALL’ALCOOLOMETRO
im
       i | 61 | 62 I 63 j 64 j 65 J 66 j 67 j 68 j 69
do
di
radi                Grado reale dello spirito
              alla temperatura normale di 15°,5.0.


0      ,2 j«6,2 «7,2 1OS, 1 69.1 ì 70,0 71.0 72.0 72,9 |73,9
1      ,» j«S,9 j06,9 167,8 68.8 169,7 70.7 71.7 72,6,73,6
2      ,6 |«5,6 ’j«6,6 «7,5 68,5 69,4 70.4 71.4 72,3 [73,3
 3     ,2 j6S.2' '«6,2 '67,1 68.1 69,1 70.0 71.0 72.0 3,0
 4        164,9 65,9 66,8 67.8 68,8 69.7 70.7 71.7 72.7
 5     :,« 64.6 65,6 66,5167,5 68,5 69.4 70.4 71.4 72.4
 6     1,3 64,3 65,3 66,2 67,2! 68,2 69.1 ,704 71.1 72.1
 7     !,9 63.9 64,9 65,9 66,9 67.9 68.8 69.8 70.8 71.8
 8     !,« 63.6 64,6,65,5 66,5 67,5 68.4 69.4 70.4 71.4
 9     !,2 63,2 64,2'65,2 66 , 67,2 68.1 69.1 70.1 71.1
10     1,9  62.9 63,9'64,9 65,9 66.9 67,8 68.8 69.8 70.8
                                I
                                I
11     1,6,62,6 63,6 (64,6 65,6 j 66,6 67.5 68,5 69,5 70.5
12     1,2,62,2 63,2 '64,2 65,2 66,2 67.2 68,2 69,2 70.2
13     0,9 61,9 62,9 63,9'64,9 65,9 66,8 67,8 68,8 |69,8
14     9,5 61,5 62.5 63,5'64,5 65,5 66.5 67.5 68,5 ,69,5
15     0,2 61,2 62,2 63.2 64,2 65,2    66.2 67.2 68,2 69.2
16     9,9 60,9 61,9 62,9 63,9 ! 64,9 65.9 66.9.67.9 68.9
17     9.5 60,5 61.5 62,5,63,5,64,5 65.6 66.6 67,6 68.6
18     9,2 160,2 61,2 62.2 63,2'64,2 65,2 66.2 67,2 68.2
19 .   8,8'59,8 60,8 61,8 62,8] 63,8 64.9 65.9       «6,9
                                                      67.9
20     8.5159.5 60,5] 61,5 62,5 63,5 64.6 65.6 66,6 67,6


 21    .8,1 *59,1 60.1 I61,1 ! 62,2'63,2 64,3 65,3 66,3 i67,3
 22    >7,8 58.8 59.8 60,8 '61,8 62,8 63.9 64,9 65.9 ; 66,»
 23    >7,4 58,4 59,4 60,4 61,5 62,5 63,6 64,6 65,6 66,6
 24    >7,1 58,1 59.1 60,1 61,1 62,1 63,2 64,2 65,2:66,2
 25    >6,7 57,7 58,7 59,7 60,8 61,8 62.9 63,9 64.9 '66,0
 26    >6,3 57.3 58.3 59.3 60,4 61,4 62,5 63,5 64.5 ' «5,6
 27    56,0  57,0 58,0 59,0 60,0 61,0 62,1 63,1 64,2 [65,2
 28    55,6 56,6 57,6 58,6 59,7 60,7 61,8 |62,8 63,8 64,9
 29    55,3 56.3 57.3 58.3 ..59,3
                               ...... 60,3 61,4'62,4 63.5 64,5
  30   54,9 55.9 56.9 57,9 158,9'59,9 61,0'62,0 '03,1 «4,1
