  Tem-                GRADO APPARENTE SEGNATO DALL’ALCOOLOMETRO
      <let
                 20     21   22      23 24            26 ; 27 28 29
                                                 25 !
                             —         ------ !•         '       —
  Gradi
centigradi                      Grado reale dello spirito
                         alla temperatura normale di 15", 5 0.


             0   24,8 26,1 127,4    28,8   30,1 31,2    32,3 33,4    34,5 35,5
 +           1   24,5 25,7 ; 27,0   28,4   29,6 30,8    31,9 33,0    34,0 35,1
             2   24,1 25,4 26,6     28,0   29,2' 30,3   31,4 32,5    33,6 34,6
             3   23,8 25,0 26,3     27,5   28,7 29,9    31,0 32,1    33,1 ‘ 34,1
             4   23,4 24,7 25,9     27,1   28,3 29,4    30,5 31,6    32,7 33,7
             5   23,1 24,3 25,5     26,7   27,8 29,0    30,1 31,2    32,2 33,3
             6   22,8 24,0 25,2     26,4   27,5 28,6    29,7 30,8    31,8 32,0
             7   22,5 23,7 24,9     26,0   27,1 28,2    29,3' 30,4   31,4 32,5
             8   22,3 23,4 24,5     25,7   26,8 27,9    29,0 30,1    31,1 32,1
             9   22,0 23,1 24,2     25,3   26,4 27,5    28,6 29,7    30,7 31,7
        10       21,7 23,0 23,9     25,0   26,1 27,1    28,2 29,3    30,3 31,3


 -i     11       21,4 22,5 23,0 24,0 25,7 20,7 27,8 28,9 29,9 30,9
        12       21,1 22,2 23,2 24,3 25,3 26,3 27,4 28,5 29,5 30,5
        13       20,8 21,8 22,9 23,9 25,0 26,0 27,0 28,0 29,0 30,0
        14       20,5 21,5 22,5 23,0 24,6 25,6 26,6 27,6 28,6 29,6
        15       20,2 21,2 22,2 23,2 24,2 25,2 26,2 27,2 28,2 29,2
         16      19,9 20,9 21,9 22,9 23,9 24,9 25,9 26,8 27,8 28,8
        17       19,6 20,6 21,6 22,6 23,5 24,5 25,5 26,5 27,5 28,4
        18       19,2 20,2 21,2 22,2 23,2 24,2 25,2 26,1 27,1 28,1
        19       18,9 19,9 20,9 21,9 22,8 23,8 24,8 25,8 26,8 27,7
        20       18,6 19,6 20,0 21,6 22,5 23,5 24,5 25,4 26,4 27,3


  +      21      18,3   19,3 20,3 21,2 22,1 23,1 24,1 25,0 25,8 26,9
         22      18,0   19,0 20,0 20,9 21,8 22,7 23,7 24,6 25,6 26.5
         23      17,8   18,7 19,6 20,5 21,4 22,4 23,4 24,3 25,5 26,1
         24      17,5   18,4 19,3 20,2 21,1 22,0 23,0 23,9 24,8 25,7
         25      17,2   18,1 19,0 19,8 20,7 21,6 22,6 23,5 24,4 25,3
         26      16,0   17,8 18,7 19,5 20,4 21,3 22,2 23,1 24,0 24,!»
         27      16,0   17,5 18,4 19,2 ! 20,1 20,9 21,9 22,8 23,7 24,6
         28      16,3   17.1 18,0 18,8 j 19,7 20,6 21,5 22,4 23,3 24 2
         29      16,0   16,8 17,7 18,5 19,4 20,2 21,2 22,1 23,0 23,0
         30      16,7   16,5 17,4 18.2 119,1 19,9 120,8 21,7 22,6 23,5
