fin­        GRADO APPARENTE SEGNATO DALL'ALCOOLOMETRO
ltura
lei
nido           11     12   13    14 j 15        16    17    18
radi
igradi                Grado reale dello spirito
               alla temperatura .normale di 15°,5 C.


  0      11,0 12,3 13,5 14,8 16,1       17,6   19,1   20,5 Ì22,0 23,5
  1      11,0 12,3 13,5 14,8 16,0       17,5   18,9   20,3 i21,8 23,2
  2      11,0 12,2 13,4' 14,7 16,0      17,4   18,7   20,1 i21,5 22,9
  3      10,9 12,2 13,4 14,7 15,9       17,2   18,6   19,9 '21,3 22,5
  4      10,9 12,1 13,3 14.6 15,9       17,1   18,4   19,7 21,0 22,2
  5      10,9 12,1 13,3 14,6 15,8       17,0   18,2   19,5 120,8 21,9
  6      10,9 12,0 13,2 14,5 15,6       16,8   18,0   19,3 '20,5 21,6
  7      10,8 12,0 13,1 14,3 15,5       16,6   17,8   19,1 20,3 21,4
  S      10,8 11,9 13,0 14,2 15,3       16,5   17,6   18,9 20,0 21,1
  9      10,7 11,9 12,9 14,0 15,2       16,3   17,4   18,6 119,8 20,9
 10      10,7 11,8 12,8 13,9 15,0       16,1   17,2   18,4119,5 20,6


 11      10,6 11,7   12,7 13,7   14,8   15,9   17,0 18.2 19,2 20,3
 12      10,5 11,5   12,5 13,6   14,6   15,7   16,8 17,9 19,0 20,0
13       10,3 11,4   12,4 13,4   14,5   15,6   16,6 17,7 18,7 19,8
14       10,2 11,2   12,2 13,3   14,3   15,4   16,4 17,4 18,5 19,5
15       10,1 11,1   12,1 13,1   14,1   15,2   16,2 17,2 18,2 19,2
16        9,9 10,9   11,9 12,9   13,9   15,0   15,9 16,9 17,9 18,9
17        9,8 10,8   11,7 12,7   13,7   14,7   15,7 16,6 17,6 18,6
18        9,6 10,6   11,6 12,6   13,4   14,5   15,4 16,4 17,3 18,2
19        9,5 10,5   11,4 12,4   13,3   14,2   15,2 16,1 17,0 17,9
20        9,3 10,3   11,2 12,2   13,1   14,0   14,9 15,8 16,7 17,0


21       9,1 10,1 11,0 12,0 12,9 13,8 14,7 15,6 16,4 17,3
22       8,9 9,9 10,8 11,7 12,7 13,.6 14,4 15,3 16,2 17,1
23       8,7 9,6 10,5 11,5 12,4 13,3 14,2 15,1 15,9 16,8
24       8,5 9,4 10,3 11,2 12,2 13,1 13,9 14,8 15,7 16,6
25       8,3 9,2 10,1 11,0 12,0 12,9 13,7 14,6 15,4 16,3
26       8,1 9,0 9,9 10,8 11,7 12,6 13,4 14,3 15,1 16,0
27       7,9 8,8 9,6 10,5 11,4 12,3 13,1 14,0 14,8 15,7
28       7,7 8,5 9,4 10,3 11,2 12,0 12,9 13,7 14,5 15,4
29       7,5 8,3 9,1 10,0 , 10,9 11,7, 12,6 13,4 14,3 15,1
30       7,3 8,1 8,9 9,81 10-6 ] 11,4 »12,3 13,1 14,0 14,8
