                       T a b e l l a      II.


t r i­       GRADO APPARENTE SEGNATO DALL’ALCOOLOMETRO
turi
el
lido     0 I ^ I 2 | 3|                  4 I 5 I 6 I 7 I si                      9
adì
;ra <                     G r a d o r e a le d e llo s p ir ito
                a lla t e m p e r a t u r a n o r m a l e d i 1 5 ° ,5   C.



     0   0,4   1,4     2,5     3,6     4,0      5,6     0,7      7,8     8,9 10,0
     1   0,3   1,4     2,5     3,6     4,6      5,6     6,7      7,8     8,9 10,0
     2   0,3   1,4     2,5     3,6     4.6      5,6     8,7      7,8     8,9 10,0
     3   0,3   1,4     2,5     3,6     4,6      56      6,7      7,7     8,8 9,9
     4   0,3   1,4     2,5     3,6     4,6      5,6     6,7      7,7     9,8 9,9
     5   0,3           2,5     3,«     4,0      5,6     6,7      7,7     8,8 9,9
     6   0,3     ■<
                       2,5     3,0     4,6      5,6     6,7      7,7     8,8 9.8
     7   0,3   1.4     2,5     3,5     4,6      5,6     6.0      7,6     8,7 9,8
     8   0,3   1.4     2,4     3,5     4,5      5,5     6,6      7,6     0,7 9,7
   9     0,3   1.4     <> 4    3,4     4,5      5.5     6,5      7,5     8,0 9,7
  IO     0,3   1,4     2,4     3,4     4,5      5,5     0,5      7,5     8,6 0,0

 11      0.2
         0,2
               1.3     2,3     3,3 4,4          5,4 6,4          7,4     8,5    9,5
 12            1,3     2,3     3,3 4,3          5,3 6,3          7,3     8,4    9,4
 13      0,1   1,2     2,2     3,2 4,3          5,3 6,3          7,3     8,3    9,3
 14      0,1   1,2     2,2     3,2 4,2          5,2 •6,2         7,2     8,2    9,2
 15      0,0   1,1     2,1     3,1 4,1          5,1 6,1          7,1     8,1    9,1
 16      »     1,0     2,0     3,0 4,0          5,0 6.0          7,0     7,9    8,9
 17      »     0,9     1,9     2,8 3,8          4,8 5,8          6,8     7,8    8,8
 18      »     0,7     1,7     2,7 , 3,7        4,7 5,7          0.7     7,6    8,6
 19      »     0,6     1,6     2.51 3,5         4,5 5,5          6,5     7,5    8,5
 20      9     0,5     1,5     2,4 3,4          4,4 5,4          0,4     7,3    8,3

 21      »             1,4     2,3      3,3     4,2     5.2      6.2     7,1    8,1
 22      »     0,3     1,3     2,2      3.1     4,1     5,1      6,0     7,0    7,9
 23      »     0.3     1,2     2,1      3,0     3,9     4,9      5,9     6,8    7,8
 24      »     0,2     M       2,0      2,8     3,8     4,8      5,7     6,7    7,6
 25      »     0,1     1,0     1,9      2,7     3.0      4 ,6    5 ,5           7 ,4
 26      »     0,1     0.9      1 ,8    2 ,0    3 ,4     4 .4    5,3      6 3  7,2
 27      »      0 ,1   0 .9     1 ,7    2,5     3 ,3     4,2     5 ,1    6 ,1  7,0
 28      »      »      0,8      i,«     <> 4
                                                3 ,1     4,1     5,0     5,9 ' 6 .8
 29      *      »      0 ,8     1,5     2,2     3,0      3 ,9    4,8     5 ,7   0,6
 30             ”      0,7      1 ,4    2,1     2 ,8     3,7     4 ,0    5 ,5   6 ,4
