T abella        ix . — Tavola indicante la quantità d'acqua nec
     la riduzione di litri 100 d'alcool dei gradi superiori a gradi inferiori




                                                                                                        Gradi da !
             ouenere |
 ridurre '




                                                                                                        ottenere
                                                                                             Gradi da
                                                             et £     ■rt e t ,          £
Gradi da




                                                                                              ridurre
                                               et
             Gradi da
                         •et e® , 2
                                           i            SS
                                                             io ®     i     | 9          |                           ’i f s f g
                         1 f » Ì
                          2     et f . 2
                         o " 0 "0              il             et
                                                             £ °
                                                                          s ib -S --

 (la            a        Ut. deo.              da             a       lit.        ile o .        da       a          lit. dee.
  95»          3 9 '»      1 5 0 ,0            95»            80»            2 0 ,9          94»         6 4 “          5 0 ,8

               4 0         1 4 4 ,5                           81             1 9 ,3              »       65             4 8 ,4

     »         41          1 3 8 ,5             »/            82             1 7 ,8          ’   »       66             4 6 ,1
     »         4 2         1 3 2 ,9                           83             1 6 ,3              »       67             4 3 ,9
     »         43          1 2 7 ,0                           84             1 4 ,8              »       68             4 1 ,7

     »         4 4         1 2 2 ,4                           8 5 ]          1 3 ,3              »       69             3 9 ,6
     »         45          1 1 7 ,5                           86             1 1 ,9              »       70             3 7 ,5
     »         46          1 1 2 ,8                           87             1 0 ,5              ))      71             3 5 ,5
     »         47          1 0 8 ,3                           88               9 ,1              »       72             3 3 .5

     »         48          1 0 4 ,0                           89               7 ,7              »       73             3 1 ,6

               49            9 9 ,9                           9 0              0 .4              »       74             2 9 ,8
     j)        5 0           9 5 ,9                           91               5 ,1              »       75             2 7 ,9

     »        51             9 2 ,0                           92               3 ,8              »       76             2 6 ,2
     »         52            8 8 ,3                           93               2 ,5              »       77             2 4 ,4

     »         53            8 4 ,7                           94                  1 ,2           »       78             2 2 ,7
     ))        5 4           8 1 ,3            94»            38           1 5 2 ,3              »       79             2 1 ,1
     »         55            7 8 ,0                           39           1 4 7 ,6              »       80             1 9 ,5
      »        5 6           7 4 ,8                           4 0          1 4 1 ,7              »       81             1 7 ,9
      »        87             7 1 ,8                          41           1 3 5 ,9              »       82             1 6 ,4

      »        5 8            0 8 ,7                          42           1 3 0 ,3              »       83             1 4 ,9

      »        5 9           6 5 ,8                           43           1 2 5 ,0              »       84             1 3 ,4

               60            6 3 ,0             »             44           1 1 9 ,9              »       85             1 1 ,9

       »       61             0 0 ,3                          45           1 1 5 ,1              »       86             1 0 ,5

       »       62             5 7 ,6                          46           1 1 0 ,4              »       87               9 ,1
       »       63             5 5 ,1                          47           1 0 5 ,9              »       88               7 ,8

       »       64            5 2 ,0             ))            4 8          1 0 1 ,7              »       89               6 ,4

       »       65            5 0 ,2             )>            49             9 7 ,6              »       90               5 ,1
       »       6 6            4 7 ,9            »             5 0            9 3 ,6              »      91                3 ,8
       »       67            4 5 ,6             »             51             8 9 ,8              )>     92                2 .5

       #       68             4 3 ,4            »             5 2            8 6 ,2              »      93                1 ,2
       »       69             4 1 ,2            »             5 3            8 2 ,6          93"        38            1 5 0 ,0
       »       70             3 0 ,1            »             54             7 9 ,2              »       39           1 4 4 ,6

               71             3 7 ,1            »             55             7 5 ,9              »       40           1 3 8 ,9

       »       72             3 5 ,1            »             56             7 2 ,8              »      41            1 3 3 ,2

       »       73             3 3 ,2            »             57             6 9 ,7              »      42            1 2 7 ,7

       »       74             3 1 ,3                »         58             6 6 ,7              »      43            1 2 2 ,4

       »       75             2 9 ,5                »         59             6 3 ,9              »      44            1 1 7 ,4
       »       76             2 7 ,7                »         6 0            6 1 ,1              »      45            1 1 2 ,6
       »       77             2 5 ,9                »         61             5 8 ,4              »      46            1 0 8 ,0

       »       78             2 4 .2            »             62             5 5 ,8              »      47            1 0 3 ,6

       »       79             2 2 ,6                »         63             5 3 ,3              »      48              9 9 ,4
