itone dell’alcool.
gradi dell’Alcoolometro centesimale


50“    55“   56“   60“   65"    70"   75“   80“   85“   86"   90“   92°



460    511   522   565   619    676   735   796   860   873   927   956
540    489   478   435   38 L   324   265   204   140   127    73    44

467    519   530   573   629    686   740   808   873   886   942   970
533    481   470   427   371    314   254   192   127   114    58    30

474    527   538   582   638    697   757   820   886   900   956   985
526    473   462   418   362    303   243   180   114   100    44    15

481    535   546   591   648    707   769   833   900   913   970    »
519    405   454   409   352    293   231   167   100    87    30    »

 488   543   554   599   657    718   780   845   913   927   985    9

 512   457   446   401   343    282   220   155    87    73          »

496    551   563   609   668    729   792   858   927   941    »     9
504    449   437   391   332    271   208   142    73    59    »     *

503    560   571   618   678    740   804   871   941   956    »     9
497    440   429   382   322    260   196   129    59    44    »     »

511    568   580   627   688    701   817   885   956   970    9     A
489    432   420   373   312    249   183   115    44    30    9     »

 519   577   589   637   699    763   829   898   970   985   9     9
 481   423   411   363   301    237   171   102    30    15   9     9



 527   586   598   647   709    774   842   912   985    »s    9     9
 473   414   402   353   291    226   158    88    15    »     9     »

 535 j 594   007   657   720    786   854   926    »     »     9
 465 400     393   343   280    214   146    74    9     »     9
