                                                 ottenere ■
                                                 Gradi da ;
                                    Gradi da :
Gradi da \
 ridurre j




                                                              giungere
                         giungere




                                                                                     ottenere
                                                                                                           ! £




                                                               d'acqua
                                                              Quantità



                                                                          Gradi da


                                                                                     Gradi da
                                                                           ridurre
                                                                                                  cd




              ottenere
                         Quantità
              Gradi da


                          d’acqua




                                                               da ag­
                                     ridurre
                          da ag­
                                                                                                             fcr

  da           a   lit-. dee.        da           a           lit. dee.    da          a        lit. dee.
                                                                  81,9                45°
CO
CO




              54°       66,9                     49°                                                95,7




                                    co
         o




                                                                           86»




                                             o
   »          55        63,9           »         50               78,2                46            91,4
   »          56        60,9           »         51               74,7       »        47           87,4
   »          57        58,0           »         52               71,3       »        48           83,4
   »          58        53,3           »         53               68,1                49           79,7
    »         59        52,6             »       54               64,9                50           76,1
   »          60        50,0           »         55               61,9       »        51           72,6
    ))        61        47,4           ))        56               58,9       »        52           69,2
              62        45,0             »       57               56,1                53           06,0
              63        42,6           »         58               53,4       »        54          6 2 ,9
    »         64        40,3           »         59               50,7      »         55          57,9
              65        38,1           »         60               48,1       »        56          57,0
    »         66        35,9           »          Gl              45,6       »        57          54,2
    »         67        33,8           »          62              43,2       »        58          51,5
              68        31,8           »          63              40,9       »        59          48,8
              69        29,8           »          64              38,6       »        60          46,3
              70        27,9           »          65              36,4       »        61          43,8
               71       26,0           »          66              34,3                62          41,5
               72       24,1           »          67              32,2       »        63          39,1
    »          73       22,3           »          68              30,2       »        64          36,9
    »          74       20,6           a          69              28,2       »        65          34,7
    »          75       18,9           »          70              26,3                66          32,6
               76       17,2           X)         71              24,4       »        67          30,5
    »          77       15,6           »          72              22,6       »        68          28,5
               78       14,0                      73              20,8                69          26,6
               79       12,5             »        74              19,1                70          24,7
    »          80       11,0           »          75              17,4       »        71          22,9
               81        9,5                      76              15,8       »        72          2 1 ,1

    »          82        8,1                      77              14,2                73          19,3
    »          83        6,6                      78              12,6       »        74          17,6
    »          84        5,3           »          79             i u                  75          15,9
               85        3,9           »          80             9,6        »         76          14,3
    »          86        2,6           »          81             8,1         ))       77          12,7
    »          87        1,3           »          82             6,7        »         78          11,2
  CO




               38°    134,3                       83             5,3                  79           9,7
         -4




                                                                            »
          c




                                       »
    »          39     128,4                       84             3,9         »        80           8,2
               40     122,7                       85             2,6         »        81           6,8
    »          41     117,3            »          86             1,3         »        82           5,4
               42     112,2         86»           38°          131,5         »        83           4,0
               43     107,3'                      39           125,6         »        84               9    fi

    »          4 4    102,6              »        40           120,0                  85           1,3
    »          4 5      98,1           »          41           114,7       85»        38°        128,7
    »          46       93,8                      42           109,6         »        39         122,9
    »          47       89,7                      43           104,8         »        40         117,3
     »         48       85,7                      44           100,1                  41         112,1
