d a»    d <*     « s, e                                    "■"" ....-




                                                                                      'giungere
                                     oltener<
                                                Ifjt




                                     Gradi d




                                                             Gradi d
                                                            | ridurr
               *Ì3
               a a «                                                    ^«3S1
11      ^ 2
               S ‘'TS'Vf tir   11               d ." g a
                                                                        CJS ©
da      a   lit. dee.          da     a   Ut. dee. d a                    a     lit. dee
91"     75o     23,1           90"    67"    37,2   89"                  00»        51,8
»       7G      21,4           »      68     35,1                        61         49,3
»       77      19,7           ))     69     33,1                        62         46,8
 »      78      18,1           »      70     31,1     9                  63         44,4
 »      79      16,5           »      71     29,1                        64         42,1
 »      80      15,0           »      72     27,3                        65         39,8
 »      81      13,5           »      73     25,4                        66         37,6
 »      82      12,0           »      74     23,6     »                  67         35,5
 »      83      10,6                  75     21,9                        68         33,4
 »      84       9,1           »      76     20,2    9                  69         31,4
 »      85       7,8           »      77     18,5    »                  70         29,5
 »      86       0,4           »      78     16,9                       71          27,5
 »      87       5,1           »      79     15,3                       72          25,7
9       88       3,8           »      80     13,8    »                  73         23,9
 ))     89       2,5           9      81     12,3    »                  74         22,1
 9      90       1,3           »      82     10,8                       75          20,4
 O




        38°   142,8
 c




                                      83      9,4    »                  76          18,7
 a      39    136,7                   84      7,9    9                  77          17,1
 »      40    130,8                   85      6,6    »                  78         15,5
 »      41    125,2                   86      5,2 • ))                  79         13,9
 s      42    119,9                   87      3,9    9                  80         12,4
 »      43     114,8                  88      2,6    »                  81         10,9
 »      44    110,0            »      89      1,3    9                  82           9,4
 »      45    105,3            89»    38» 140,0     »                   83           8,0
 »      46    100,9                   39   133,9     9                  84           6,6
 »      47      96,6                  40   128,1    »                   85           5,2
 »      48      92,5           9      41   122,0    9                   86           3,9
 »      49      88,6                  42   117,3    9                   87           2,6
 »      50      84,8                  43   112,3    »                   88           1,3
 »      51      81,2                  44   107,5   88»                  38°      137,1
 »      52      77,7           »      45   102,9    9                   39       131,1
 »      53      74,3           »      40    98,5    9                   40       125,4
 »      54      71,0                  47    94,3    »                   41       120,0
 »      55      67,9           »      48    90,2    »                   42       114,7
 3      56      64,8                  49    86,3    »                   43       109,8
 »      57      61,9           »      50    82,6    9                   4 4      105,0
 0      58      59,1                  51    79,0    9                   45       100,5
 9      59      56,3           »      52    76,5    9                   46         96,1
    »   60      53,7                  53    72,2    ))                  47         92,0
    »   « i     51,1                  54    69,0    9                   48         88,0
 J>     62      48,6                  55    65,9    9                   49         84,1
 9       63     46,2           9      56    62,9    9                   50        80,4
 »      64      43,8                  57    60,0    9                   51        76,9
 »      65      41,5                  58    57,2    9                   52        73,4
 1»     66      39,3           »      59    54,4    »                   53        70,1
