                                                                              Gradi da !
          Gradi da i




                                                                               ridurre'

                                                                                           Gradi da
                                                                                           ottenere
                                                                                                      ■fi «5      , 2




                                    Gradi da
                                     ridurre
          ottenere
- o *■*                                          "O S»                                                ■=
                       ■I i è ’S                 — £5     ■1 & * » § »
                                                 -O 4?                                                9     3    a     §
                       S S «a 1                   etì ^
                                                 <£ò ®    ^ ' c 5 ’n o 'S e

 da         a          lit. dee.     da            a      lit. dee.            da             a       lit. dee.




                                                                               co
                                                                               co
                                         -p »
                                    co




                                                                                      o
                                                                                           39°            1 1 7 ,4




                                          o
           4 2 °         1 0 7 ,1                 40°        1 1 4 ,7
 85°
                         1 0 2 ,3      »          41         1 0 9 ,5             »        4 0            1 1 2 ,0
           43
                           9 7 ,7      »        - 42         1 0 4 ,5             »        41             1 0 6 ,9
           44
           4 5             9 3 ,3      »          43           9 9 ,8             »        42             1 0 2 ,0

           4 6             8 9 ,1                 44           9 5 ,5             »        43               9 7 ,3

           47              8 3 ,1      »          45           9 0 ,9             »        44               9 2 ,8

           48              8 1 ,2      »          46           8 6 ,7             »        45               8 8 ,5

                                       »          47           8 2 ,8             »        46               8 4 ,4
           40              7 7 ,5
                           7 3 ,9      »          48           7 8 ,9             »        47               8 0 ,5
           5 0
           51              7 0 ,5      »          40           7 5 ,3             »        48               7 6 ,7

           5 2             6 7 ,1      ,)         5 0          7 1 ,7             »        49               7 3 ,1

           33              6 4 ,0      »          51           6 8 ,3             »        50               6 9 ,6

                          6 0 ,9       »          52           6 5 ,1             »        51               6 6 ,2

  })
           5 4
           5 5            5 7 ,9       »          53           6 1 ,9             »        52               6 3 ,0

           5 6            5 5 ,0                  54           5 8 ,9             »        53               5 9 ,9

           57             5 2 ,3       »          55           5 5 ,9             »        54               5 6 ,9

                          4 9 ,6                  5 6          5 3 ,1             »        55               5 4 ,0

  n
           5 8
           5»             4 7 ,0       »          57           5 0 ,4             »        5 6              5 1 ,2

           60             4 4 ,5       »          58           4 7 ,7             »        57               4 8 ,5

           61             4 1 ,2       »          59           4 5 ,1             »        58               4 5 ,8

           6 2            3 9 ,7       »          60           4 2 ,7             »        59               4 3 ,3

           63             3 7 ,4       »          61           4 0 ,3             »        60               4 0 ,9

           6 4            3 3 ,2       »          62           3 7 ,9             »        61               3 8 ,5

           6 3            3 3 ,0       »          63           3 5 ,7             »        62               3 6 ,2

                          3 0 ,9       ))         64           3 3 ,5             »        63               3 3 ,9

  })
           66
           67             2 8 ,9       »          65           3 1 ,3             » •      64               3 1 ,8

           68             2 6 ,9       »          66           2 9 ,3             »        65               2 9 ,7

           69             2 5 ,0       »          67           2 7 ,3             »        66               2 7 ,6

           70             2 3 ,1                  68           2 5 ,3             »        67               2 5 ,6

           71             2 1 ,3       »          69           2 3 ,4             »        68               2 3 ,7

            7 2            1 9 ,5                 70           2 1 ,6             »        69               2 1 ,8

            73             1 7 ,8      »          71           1 9 ,8             »        70               20,0
           74              1 6 ,1      »          72           1 8 ,0             »        71               18,2
           75              1 4 ,5                 73           1 6 ,3             »        72               1 6 ,5

            76             1 2 ,9                 74           1 4 ,6             »        73               1 4 ,8

           77              1 1 ,3                 75           1 3 ,0             »        74               1 3 ,1

            78               9 ,8      »          76           1 1 ,4             »        75               1 1 ,6

            79               8,3       »          77              9 ,9            »        76               1 0 ,0

           80                6 ,8      »          78             8 ,4             »        77                   8 ,5

           81                5 ,4      »          79             6 ,9             »        78                   7 ,0

                             4 .0      »          80             5 ,0             »        79                   5,5
  #
            82
           83                2 ,6      »          81             4 ,0                      80                   4 ,1

                             1 .3                 82
                                                                 *) 7
                                                                 -, *             »        81                   2 ,7
  »        8 4
                         1 2 5 ,9      »          83              1 ,3            »        82                   1 ,3
 84°        3 8 °
                                                             1 2 3 ,1          82°         3 8 °          1 2 0 ,3
  »         39           1 2 0 ,1    83"         3 8 °
