ci «    «e ?»
   Li                                      -o «
              a   2 § ■ « §>               ■e o
                                                  •=            fci                 ’ S       •S         & §>
                                                  S 3 « S             - o T3
                              fet          «3 ®                       «        *“             ■ 5 '’®          fcc
da       a        lit. dee.         da      a     lit. doc.               da         a        lit. dee.
57°     4 9 °        1 6 ,9         54»    40°         3 5 ,9         51"           40"
 fl
                                                                                                   2 8 ,1
        5 0          1 4 ,5         »      41          3 2 ,5             1)        41             2 5 ,0
 »      51           1 2 ,2         ))     42          2 9 ,3             »         42             2 2 ,0
 »      52           1 9 ,0         »      43          2 6 ,3             »         43             1 9 ,1
 »      53             7 ,8         »      44          2 3 ,4             »         44             1 6 ,3
 »      54             5 ,8         »      45          2 0 ,6             »         45              1 3 ,7
        5 5            3 ,9         »      40          1 7 ,9             »         40             11,2
 a      5 6            1 ,9         »      47          1 5 ,2             »         47    •             8 ,7

56”     3 8 °        4 8 ,5         »      48          1 2 ,9             »         48                  6 ,4
        30           4 4 ,7         »      49          1 0 ,5             »         49                  4 ,2
 jj     40           4 1 ,1         ))     50            8 ,3          »            50                  2,1
        41           3 7 ,C         »      51            0 ,1         50»           38"            3 2 ,2

 »      4 2          3 4 ,3         »      52            4 ,0          »            39             2 8 ,8
        43           3 1 ,1         »      53            1 .9          »            40             2 5 ,0
        4 4          2 8 ,1         53»    38°         4 0 ,3          »            41             22.5
 »      45           2 5 ,2          »     39          3 0 ,7          »            42             1 9 ,5
 »      4 0          09   A          )>    40          3 3 ,3          »            43             1 6 ,7
        47           1 9 ,8          »     41          3 0 ,0          »            44             1 4 ,0
        48           1 7 ,2          » •   42          2 0 ,9          »            45             1 1 ,4
        49           1 4 ,8          »     43          2 3 ,9          »            40                  8 ,0
 ()     5 0          1 2 ,4          ))    44          2 1 ,0          »            47                  6 ,0
 »      51           1 0 ,2          »     45          1 8 ,3          »            48                  4 ,3
 })     52             8 ,0          »     40          1 5 ,7          »            49                  2 ,1
        5 3            5 ,9          »     47          1 3 ,2         49"           38"            2 9 ,5

 »      54             3 ,8          »     48          1 0 ,7          »            39             26,2
 »      55             1 ,9          ))    49            8 ,4          »            40             2 3 ,0

55"     3 8 °        4 5 ,8          ))    50            0 ,2          »            41             2 0 ,0

 »      39           4 2 ,0          »     51            4 ,1          »            42             1 7 ,1
        40           3 8 ,5          »     52            2 ,0          »            43
 n
                                                                                                   1 4 ,3
        41           3 5 ,0         52»    38°         3 7 ,6          »            44             1 1 ,0
 „      42           3 1 ,8          »     39          3 4 ,1          »            45                  9 ,1
 »      43           2 8 ,7          »     40          3 0 ,7          »            40                  6 ,7
        4 4          2 5 ,7          »     41          2 7 ,5          »            47                  4 ,4
 n      45           2 2 ,9          »     42          2 4 ,4          »            48                  2,1
                                                                          CO




                                     »
                                                                          c




 »      40           2 0 ,2                43          2 1 ,5                       38"            2 6 ,8
 »      47           1 7 ,0          »     44          1 8 ,7             »         39             2 3 ,5
 »      48           1 5 ,1          )}    45          1 6 ,0             »         40             2 0 ,4
 ))     49           1 2 ,7          »     40          1 3 ,4             »         4Ì             1 7 ,4

 »      5 0        * 1 0 ,3          ))    47          1 1 ,0             »         42             1 4 ,0

 »      51             8 ,1          »     48            8 ,0             »         43             1 1 ,9

 »      5 2            5 ,9          »     49            0 ,3             »         44                  9 ,3
        5 3            3 ,8          »     50            4 ,1             »         45                  6 ,8
 »      54            1,0                  51            2,0              »         46                  4 ,5

54“     38o          43,1           51“    38“         3 4 ,9             1»  47                    2,2
 »      39           39,4           »      39          31,4           4 7 “ ■ 38“                  24,1
